2922537792
234645821
2355821642
4057415823
733622807
1486137933
640372288
1260856910
2005722525
979850772
1245049642
3993639436
4060596122
3118656013
2656839981
4239350813
1553275865
1285063564
56863710
120554062
2839939470
2949460332
3507539506
1874842833
1061832509
3945807808
2846164815
522774420
3333077601
870399928
3888255169
2601631146
863055386
1672587055
269900792
168306263
111363591
49526966
2742628548
2928036585
665510953
2007774695
759835073
515962623
1569210497
3513630171
2146682532
2922989312
1615428342
3179323760
2769787372
2923803439
3599726288
1025103883
1382860217
3397243704
3811031824
262648425
851600262
2679047811
1582376591
2211543474
2384564312
3135826646
946720591
3309000118
1250890991
4055882462
2762854337
303857131
3103783160
3479003228
3586781520
4294821973
1282627267
3720251678
4184675690
2332272315
2347413414
3236138535
3072093750
3073311688
233893294
331626625
702354346
1722658567
1065597696
1241501632
3537009128
572120387
263920155
3112353661
2453473021
1734070147
2954063884
1397829186
2873227153
2911074090
4006060815
1632583246
