1847809630
3086457457
2304176487
3311435537
928722339
2782328008
1392199155
851076706
2815926690
1259091194
1349366108
35555197
300388866
2582208913
1505801280
9517697
3363342556
3925902985
377689338
2946432513
3352778251
2932195089
754353501
3750016873
3253748149
3054286642
115499269
3287841364
3744270091
140753323
3062751830
3401928853
317946287
3664272011
594929038
2356036450
1882775928
1236452682
1047557972
1359965254
593749088
3730779636
1495422126
3646782141
418248091
3507206118
2917654412
1688204668
1933063723
1574359967
577138165
260125367
1227666269
328227969
1201934824
1836747303
1948102624
3378805581
2429431418
748828531
3695000078
801391223
2474203543
241302051
20030146
1177210972
2127513983
2453818566
2979633815
3100383254
2942200966
4028120614
238893271
3176791149
3093381153
4042048318
1330995729
3628089937
2834030840
945960299
3445629858
102095943
3246424141
2520213333
532347588
722065841
438029726
865998194
1401909368
1409096762
2055729996
2906181926
139711312
2181396715
3001535344
3445638414
1318680911
768483451
937966970
254764901
