1053304895
2377479115
2529661993
4282068860
3883847369
804194261
1452413420
4264414791
2768010012
1095184552
3274955589
1739357268
1288584533
345675221
803879177
352386135
816808004
2745155166
3980239504
1502305657
3767602857
2693404621
3934905517
959399560
3278150967
1780311104
1206127146
2909785482
2148095696
1149428990
3182018580
3600221832
2342902104
2647607088
390887685
1037704832
404131706
501024941
3768654998
3369583307
3111340293
3836533053
4118703230
251407880
4289520026
3522521794
3335646138
4261223505
2193688218
4248132612
3219191002
3316465142
2756251305
779567378
4222430779
1328014072
986229610
2965452970
2035239940
3728841181
3421479099
635381093
2544089902
1241056870
4022552483
2276895650
3623068461
3483449993
3897396136
48672603
4062177785
2307141621
2455091447
3699554414
3202065490
2026934133
1817804623
786106300
3387212280
1949569765
2173766246
2816689746
1621850127
4149411213
4275058061
2416143020
4136133206
1148054318
1449727850
798115743
2370925867
1542275365
2160417789
2456689728
4061188475
1813506379
1690967857
3434465880
3045749690
854764607
3605637045
238803105
1664876345
3848146068
1153743957
3129482818
3585108466
159220663
267227032
820149965
1367535389
900559281
1260011681
655277521
1332202033
2681064282
1625120014
4004089684
3601772893
2434416670
1853900421
3207876562
127501209
230107300
2878982430
3850803087
167774015
1476149206
3426640660
141209447
1028544813
4209304017
1386330082
2039029440
1638250773
2916685956
3714853926
250338622
4009616364
1437402415
1482873363
2281391144
1906357527
117621406
1637196365
2543559633
3158660260
268429561
2408964358
1398409206
465300712
741352344
2760593490
3403635770
4154011351
532290736
3750171498
733817728
101054515
2792861174
4264100470
2035483257
2643253741
1581521468
1608238348
709614925
2750138364
1016235669
1446635108
1908744825
3800615278
29850718
4276577979
3384668508
3330713278
2928383955
2281142674
3093571669
3676046557
3353453371
703409763
2649367691
542739434
1262454068
400491459
3597705176
3053247253
3698024054
1882000484
3398563535
2658565599
1103699554
3560561821
1877949642
2083533265
572116612
965096109
978528894
3638145489
3884406178
4291225185
2778347911
3751708172
402102854
2537900859
193839118
2647596083
1538103669
3122020334
4098055270
2399667863
87688799
2878828443
533397346
2488066068
1629061286
1805808791
2002742748
1203273092
2268688557
2918529419
2963477840
3980688679
86080446
282190010
2656803392
1589801140
162420356
1295322047
1247854566
3449165629
4087285545
325570257
2134200581
3901375182
1532673577
1769714454
3334679560
817424188
718054412
1463405849
15516492
3547447407
2262983713
2374482535
1247808730
3920161152
1259579555
1232069701
681463957
3894753903
1121891641
573160185
2239187871
4146683857
587709671
740692731
982611153
1427664942
1987484142
3680746756
2729893973
2559533458
3838776988
3462310568
446572909
1870388811
1631513451
813771091
1052542522
647991184
1885086783
3212294633
1822473251
4075013958
155816567
333316205
1175521178
1462448447
108740950
3809767224
2941267245
3560861948
4248239006
2442652334
6388196
54004265
1014680823
1210139358
34737897
1194199209
286988035
3809695299
1791615145
2685877109
2912890480
3401916353
1718084656
1116886667
2196186176
4141441765
2998749130
4199463667
2512107569
3940735411
2672692829
32488662
2965045480
4249233746
1897911626
3545248931
3826467329
1558470625
3063597252
3694099688
1447917895
2579974246
3641729575
2498712122
1651678929
3524660560
2802662495
3146336812
2321650340
1530222265
4091310567
1732316005
3975599522
3673238575
3567733613
286086951
4079220888
1530916097
2555607393
806955783
2563268602
3208615528
781394024
3107279730
869644533
1894428630
1245472940
1488221974
3216992758
2638902783
1082935732
867769258
3838964264
2120975109
1521198928
1078831234
1393750105
2280723245
2414294893
96105427
957606648
669400141
215381581
3268631773
3332895011
2871644944
3304322053
3528386746
1373049557
1290361194
2145567756
289300916
4058019575
468416062
1874237187
3089624198
1130203808
1595298732
2586573321
639272468
1098505310
1195018719
681302369
1780539217
1744238705
915597828
3296216238
936490489
2956134387
625114305
832238099
2088942387
4073682034
252949224
2447047807
3697574628
985041333
3885611762
1383177211
3802874875
1727439419
3373072387
3765882414
3776864318
1107596646
1765873737
1146915279
2880284361
2527552613
777325496
1465710353
3005131238
1883848140
4126288650
536681268
2384608565
2352072567
4060141205
3913952502
3685845143
3626010701
1134048167
2024526258
694016582
317962456
1765862736
1726302791
1350790557
2618597621
369696169
2852217488
2495208931
115032642
1098317782
362345752
3510111549
2734356659
204133943
2327963760
2009109316
2153830459
1104051217
3889923037
317068876
954824198
2146371750
2916851439
834310491
3237674130
3474183540
3284289980
3656335369
561771574
3304135420
3237795853
4189489539
423419383
4095763145
4217146103
586638233
1321070184
3002598324
485645609
3452368154
830799046
1242351315
618741825
1313325627
1447101040
14924949
3987721155
2530946354
1061313465
3394402229
351862240
2296092578
584739386
2000957847
4067294484
3905562586
3110227043
1378697097
880032790
1469230038
3833047354
3267804566
2046293813
3006748844
887767745
2781841575
2380154176
1029532779
897550679
2197245298
1553008191
2726092438
2917296566
3204631859
3165952640
2553123842
3347120198
2846905320
2492705003
511922311
2739603328
1398275112
1593194159
730348209
4072344858
715215905
2508155261
1441621823
2432849403
1905037267
3638705248
669555135
237688957
4021197546
1017065743
2907193992
2765587754
1982054489
176233099
3621408895
1078847083
4119197376
2872756271
4284182715
1053571508
2247674683
3331846135
2501003834
1818027207
264566363
1363698605
2045166286
2339236810
1075360961
308829442
2698488053
2508807290
248941422
4188642900
670978219
1804562863
786445947
2233852184
3276483778
1460187956
3904523954
3392784020
1112802885
4095630280
165682326
2945380306
2744138339
1412389294
2187807248
896489952
1154658866
2450530751
97321486
3714747651
4081352590
4131342751
611049863
3245061927
3802799044
844085003
2483384809
3604469920
3445781064
2155722488
267760211
370472113
1114326156
89346113
1576606930
2736984746
1645349994
766250949
1931770036
3104642942
936878396
1278930053
3224675143
1836687171
4184981996
2584742329
907642629
1797290338
1621237608
3733206969
3578786845
1486503936
1198846651
1775959697
1098921375
782923586
3082966005
3019225269
4191848523
3847043520
1100833864
527725753
2792102829
3075884482
379431807
3295646758
251849083
1854269775
729268386
3407150913
3213715528
2460330354
289060252
814541432
648559921
3052703634
1450264459
3637720620
3978228249
2642674638
3834734306
3054569623
1095959438
4217129633
1394934374
3061345880
3247547098
30714942
632081229
1076124317
4066717169
3088829148
913282911
1266137363
247209014
390243745
2058613658
1876577612
9977110
383211240
1355729482
2488436602
539468514
3502403941
1311286184
1855703289
2152510858
4094336516
3375881752
2761715367
2034962168
459109542
2743710068
2911600139
550740380
339423851
2201123865
4016855714
363915624
2766084067
2012950008
382433341
925603528
141193543
180699214
3005124374
3030161687
3562362725
347816229
2139585725
537805735
4045322032
4266878461
4067822812
3841364466
1322603725
2432577668
4004415807
1962032981
1599393824
2952889475
482596073
2265863762
791604960
2758976165
1624389393
2708485626
1158758729
524067638
856832171
584614326
2056372909
1895956390
368988554
663522545
1511028043
3700584630
334480051
3351472550
3369838819
667721778
4137568585
1933276524
2835812508
557495699
2609912121
19760616
2770012329
3520109891
1556847973
2929482431
3687396787
3422730476
1467869146
171990383
182983036
1909133940
922332565
965308387
3076697534
2494801129
2944133561
744110798
3213996399
420822048
3524182737
3960751109
2195403681
2896636568
843831419
62915032
1842944788
1774664740
582818006
2567247806
875314894
3910353323
1550145633
1206551041
1038066532
835732405
418232103
3125523069
4188557526
3041282666
2631384903
1504712668
530626787
2551521466
2881092266
1375629626
1650813082
135687451
3230295225
2886541576
2791056257
1161203455
1201220015
1363170029
3715762381
2861847532
193466898
572953441
2600715710
652414771
3791060922
1783024972
3562770824
2891953839
1025194385
4082540846
4097231289
1451114646
2292794166
45604119
582997120
495607221
3247007098
2838700209
1453563599
859272938
3866441583
2193479217
579914329
1643923709
3848821955
2895846817
2345014698
2020254135
3126883332
615837638
3142631543
800070989
3149683790
176923896
1469850502
3338425467
4138151364
2229186301
3769940162
1037761675
3237317217
983784508
1331926533
351527887
3753272024
290321481
2425655515
2862381684
3720646645
1619314557
3385816485
2605398038
628788045
3359438916
2695422547
347044554
615369233
2908882035
2272418569
3415519978
3519501661
3766740074
1451626133
2723182336
1927216027
1726311700
3488890532
2224334408
1271194318
4273633132
867689468
896921172
3226602968
2484556463
1433410357
1288042858
669431643
929298562
813344243
3989418834
1590317605
1533631042
1799870331
1908532658
2974071629
3065991196
317295918
201374761
2443549410
1511564287
2670622111
3669613750
2278442643
3127438368
3637436350
2708486018
4127150984
3165977000
3479972812
3796255377
389745444
1517217649
1135560435
414742416
534431949
3777580442
581104471
1676471134
2931012607
2802692720
1353689203
919795068
3512505820
571212731
1582464737
4129038952
2354878348
526868618
1927508040
800729994
3448466474
352770809
3980647525
2362815372
411866062
627902344
2785043693
1454099028
2822368923
2428737475
1835984588
1361977438
1703939334
83550188
939707774
2835349840
3618255633
3478977923
3675841068
2094319065
3302755264
316936044
784029248
479076223
2055835465
1871428591
2228080898
1765381091
2169519563
256633500
2185825350
911386582
1483489735
387127525
2252194587
2533280626
2509787396
441523389
3519001637
3877020436
210810488
2482892222
2716711048
2776570221
180197786
1192681687
3561971145
2458764952
1811946018
1965916167
1853285226
1439101382
2590319938
3279160955
4094099550
383249170
4134422348
1987508623
2442912025
3683922317
1249914048
2942320119
3778261936
3472975907
1737106863
914927771
2537552064
1904378714
1989355592
3695797263
2361262429
1592431714
1236140185
3391893645
469692414
3954933693
3379130391
78788268
428695068
906511468
3628758227
1872650018
2992001632
870292158
4000216908
3276238655
1623301971
4129608323
1492167260
3750292409
1768024053
2236573727
4197526796
2252112083
555803315
3142151156
790879771
3611893351
4032184218
2767880721
717767991
4208872540
3725903944
454307195
1863896800
2774523898
2835340763
73007294
1642344155
2942480089
3175361976
1313570087
2715859440
3270333595
943465299
424996029
922153829
2633203698
1597161592
3924010073
872696886
