0 -29204009369415847964745361175737317085 
0 -80078933817248796926181988262425211962 
0 53495257448073908831085943931396160678 
0 -24114352344985406717405771471832299859 
0 72462621130786779950344415306077687850 
0 -17459893205332555904606074285013352017 
0 -31474210670816394633113539623350269339 
0 124644181597685766861074038137972938723 
0 90789858349308882450008571787743888239 
0 110758680253104505343727901939457810689 
0 -41604866311189466225162319305864407078 
0 41564876112286858242509062728869554982 
0 126891336062522321548253709790107390222 
0 31282220543060506245040821828449598936 
0 -44843506958022938071412844937923921898 
0 127597810725697273055056232878053666208 
