1 -58408018738831695929490722351475682746 
1 -160157867634497593852363976524916484212 
1 106990514896147817662171887862788127052 
1 -48228704689970813434811542943665648294 
1 144925242261573559900688830612123918420 
1 -34919786410665111809212148570026704034 
1 -62948421341632789266227079246700538678 
1 -90994003725566929741226531155823382637 
1 -158702650222320698563357463856280435029 
1 -118765006414729452775918803553180794417 
1 -83209732622378932450324638611917557836 
1 83129752224573716485018125457623766604 
1 -86499694795893820366867187851588149414 
1 62564441086121012490081643656799583152 
1 -89687013916045876142825689875955847124 
1 -85086745469543917353262141675661927667 
