2 -87612028108247543894236083527214048407 
2 100045565469192072684828642644360455045 
2 160485772344221726493257831794180093426 
2 -72343057034956220152217314415498996729 
2 -122894503528578123612341361513598062517 
2 -52379679615997667713818222855040056051 
2 -94422632012449183899340618870050808017 
2 33650177872118837119847506982148507510 
2 -67912791873011816113348892068536546790 
2 -8006326161624947432190901614051188016 
2 -124814598933568398675486957917970708594 
2 124694628336860574727527188186377978226 
2 40391641266628501181386521938484522457 
2 93846661629181518735122465485149567368 
2 -134530520874068814214238534813987772350 
2 42511065256153355701794091202390689965 
